00000000100000000000000000000000
00000000100000000000000000000000
00000000100000000000000000000000
00000000100000000000000000000000
00000000100000000000000000000000
00000000100000000000000000000000
00000000100000000000000000000000
00000000100000000000000000000000
00000000100000000000000000000000
10111110100010111011001111111100
00000000100000000000000000000000
10000000000000000000000000000000
00000000000000000000000000000000
10000000000000000000000000000000
00000000000000000000000000000000
00111111001110100101110010010100
10111111000100101001110010101110
00111110110101110010100010000100
00111110000011100001101001101000
00111111010111011111001001100110
10111111010000100101101000000111
10111110111101110100011011011011
10111111010110110111010000111100
10111111101100101111001001010100
10111110111011000110110011000010
00111100111101001101101000010000
00111111010011110000100010111001
10111110010001001001001100111100
10111111110010100001101100001010
10111110101001100101111011101100
10111110100010100111000000001100
10111111010110011000011101000001
00111110110001010101001101100101
00111101111000011101101000101100
10111111011011101101001110010110
10111110101000011101101100010100
10111110101111011111101010111100
00111111001100011010111010001000
10111111000011111111100111100110
10111101110000101000011111110000
10111111101000010100110111111000
00111110100100100000001001000000
10111111001100100001000100011100
00111111011011000011101010100110
10111111000010111000100010100111
10111101000110001111110001010000
00111101011111000001011101110000
00111101101101100000001000110100
00111111101110111011110001010011
00111101000111100111111100010000
10111111101010010100111101011100
00111110011100100011100000110000
10111111011100111100001100000001
00111110100001101001011010110000
00111111010010011011100000100111
00111110001100000100100010001000
00111111111010100101010101100111
10111110110101100010100111001100
00111111101000101110010101101010
00111111100110111110110110100010
00111111100011000100000011011100
00111110101110010000000011001001
00111110110011001000000011011100
00111111011011110110111110111110
00111101100001111001110001100001
10111111010100011100111110111110
10111110100110101010011001110000
00111111100010010110100110010110
10111110101011101011000110110010
10111110001010101000000000001101
00111111101000110101011110101010
00111111110100100011110000111101
00111111110011011000000101101100
10111110110111101010100100011100
10111111100010100000001001010110
00111110100100110010000010000011
00111111100001110010111100000010
00111110100001111001101000010010
10111111011000001000010001110011
00111111011011100010101011000001
00111111010111101100110001101101
00111110101111110011000010100000
00111111100010001011111000000010
00111111011011011111011000110110
10111111001110101101111011110110
00111111101000111010111111001111
00111110100000001110111111001110
00111111000000100101001101100111
10111111110001100011011010100010
10111101110110111010010001011000
00111111001100110000000001001101
00111110100101011111110100100110
10111111011101010011101111101001
10111111011111101100010010010001
10111111000100000111010011000111
00111110000110111000010101011010
00111111011101000001100010011010
00111111001111011111010100010100
00111111011110000101000001111001
00111111101110100001111010011100
10111111110100110010001000000110
10111111001001010010100111011000
00111110110101111101111110010101
00111110101011110010010111100011
10111111011000110010101011110110
10111110100000000011100111010110
00111111101100101010011000001010
10111111101111101010100011001000
00111111000011101001100100110001
10111110100010001000000000011010
10111111101110010000111101100110
00111111001100101101101010000111
00111111000101111110110011000000
00111111000110110001101000001001
01000100010010011110100101010101
01000011010001001000111110100100
11000011100111110100100010001110
01000100100010110101100011110110
11000100001111101111100001000001
11000100100111101101110110110001
01000100000111111101011111111011
11000100110000010010100111000100
11000011010010110111011010010000
01000100101000101101110101011100
11000011010011010110101001110100
01000011001011100101110110010000
01000100000001111111000110011010
11000100011000011111001000010001
11000011111000110110101010001010
11000011111001111111110011111010
01000011000010011010000001110110
01000011000010010010111100101000
01000011101010001011000100111110
11000100011100101100001111010011
11000010110001010000000101001000
01000100010111000010110100110010
01000011110111011011010100101000
01000100110001101110111010110110
11000011100101000111110111111110
11000100111000000110111111011000
11000100011000010101010100110010
01000010010110001110100110010000
01000011110110111100001000110111
11000100100110000100000100001010
01000010100011101010001101000000
01000011000000101010000101000011
11000100000000110001111101001100
01000100100010100111110000001010
01000100001110111111111000001100
01000100101101100000111000111110
01000100010111100011111110110000
01000100000111110101010101110010
01000011000000100010100011111100
01000100000100000100100011010110
01000011100101101001001110101110
11000011010010000100100001001110
11000100101001001100100101101110
11000100101001101100101100001000
11000011011101111100100110001101
11000011110001111100110011110110
11000010010010010101000001010000
11000100101100001110101111110000
01000011001010101110001110010000
01000011010110100100011010100100
11000100010110100111001101110101
01000100110001101111000000101101
01000100111101100000110000111111
11000010011011100000000101011000
11000100000001000100011001100010
11000100001101000110000111100011
11000011011110010111100100010111
11000010011111110011010001100000
11000100110000101101111000101011
01000100001101001100110000000000
01000011000100010111001101001100
11000011111101010110001111101000
01000100011011001010011000111011
01000010001011100110000100110000
11000100011111110101000111010010
01000010010001011101110000100000
01000011110010001110101000100100
11000010110100000010101100010010
01000100001000110010011010101011
11000011100000100011001000101011
11000010101011001100011011000000
11000010100100111001011110100000
11000100100100101001111100111000
01000011000110110001100011110000
01000100101000000101111101001100
01000011000000110001100001101010
11000100001001111011110000001000
11000100100001011111111111101010
11000011000011011000100110011010
11000011111100111001101110110100
11000100010100011001110101100001
01000011101001110111110101100110
11000011110010100000100001100110
11000100000010001101010111101000
01000011011111111001101111101100
11000100110011111111011011101000
01000011111001000101110101101110
01000100010010000000000000011101
11000100100011110011001010111110
11000011101111001101001011100110
11000100001000110000101010111111
11000011110111110111011101111001
01000100100011000111010010101101
11000011011011110000111101110100
01000100101100101011001000111010
01000010111100010011010000001000
11000100001101101100100001100111
01000010101001110101001110011000
01000100001100100011101011100110
01000100010101110011001110000110
11000010110111110110001001000010
01000100001010110111011101001001
01000011101111101100000011010001
11000011011100001011110000101111
01000011100011110001100101100001
11000100010011100011010101011000
11000100000011101000110101000000
01000100000100011001010100000101
01000011111101111110000111001101
01000011101100100100100001101001
01000100010110111101000110100101
01000010100101111100100011011010
11000100010011101110100100000001
01000011110000010110110001101101
01000011000110000011000010000101
11000011110100111011010101101000
11000100000111001000000000001100
11000100001111111111010101111101
01000011001100010110011001000100
01000001100000001110111000101110
01000010001101110111100110101111
11000011011000011010001010010001
11000011010010110000100000101000
01000011110111010100111010001110
01000011100010100111011110101110
01000100011110001111111001101001
01000100000101001110010000101100
01000100010010010100101010110011
01000100010100111010101010100011
11000010010110110111110110011001
11000001111111001101010000001100
01000011000001111001100101100100
11000011000110100111010011100111
01000100000111110101011000111011
11000001111010111000000000110100
11000100010111001110000100101110
11000011111000111010011111001000
01000010111100111111011100010011
01000011011011111101101001000100
01000010100110100010000100001000
11000011111100101100000011110010
11000010110001100000100011010101
11000100011101010101000010010010
11000001110010000110010110111000
11000011111010110101101110001100
01000100000000111111100101100010
11000100000110010001000011011101
11000100010010000011111010001101
01000010111101010001100000100101
01000011111111000000000100001010
01000010111000001101110111000000
01000100001111010110101110000001
11000100000010101000111001110000
01000100000010101100100011011100
01000001001100010011111101111000
01000011011100111001011000110101
11000011100111101101101000110010
01000011100000101111000100000110
01000010111110010111010010001010
01000011010001111101111100110111
11000011110010110101110000011010
01000100000011111001110100101011
11000100001000111011010000010111
01000100011010111000110101001000
11000011000000011010011000000011
01000100010011011100100110110101
01000011100110110000001110110001
11000100000110001101110101110101
01000100010010110101010010111100
01000011000001100010011011111110
11000011001010000001100101011101
11000100000001110000010001101010
11000100011000100001100110111111
01000100010100111000010000111111
01000001101001111000011111111100
11000011111000101110000101111010
01000011000101010111110010100101
11000100010111001100001110000001
01000011111110001110100011000000
01000011110100000010000011111011
01000011110011101001100100110000
11000100000101000010100001001110
01000011100000101010111001000011
11000100001010000110100001110100
01000011011001111101110111001001
11000100010110000100000010010011
11000011110100111110111010111011
11000011101111010111000101100001
11000010010000010010000100011100
11000011101000110011110110101010
01000011011011011111100010011010
01000011101010100111110001100110
11000011111110110110011000010110
01000100001101001001100100110010
11000100010101111101110110010001
00111111110111100010010011001011
11000011011001011111101011100110
11000100011000111110010100001100
11000100011100001101001111011000
01000011101001111101111111100111
11001001101101110100000101111100
11001001101010010000100010001110
11000110100110100000100110110000
11001001101001111110001001110100
11001000011111111100101010101100
11001001011111110110100110111111
01000110111100100111111001100000
01001001111011011110001111110100
01001001000110000011010000111111
11001001000001111010111011101110
01001000100010100010111000101011
11000111100111001110101100111000
01001000011111111000111100100100
01001000110111110011011011001100
11001001010101111110101111111010
11000111110111100010101001001000
01001001101010111100110001101110
01001001000010101110101001111110
01001000100110010011011111111000
11001001110111101001101001111000
01001000110101110001110000100000
11001000001010101000110011111100
01000101000110101011000100000000
11000111010011110110101100100000
11001000011001001011000010011010
11001000010100111100001011000100
01001001100101011101010101000111
11001001010001101111010000000010
01001001100101110100100000011000
11001001101111011110000100000100
01001000111000101001101101011100
11001000101011110101110100011101
11001001101100001000001001110111
11001000101000100100010110100100
01000101001110010000011000000000
01001000110101000000101000010001
01001001010011010000100000000101
11000111111110111110100010011000
01001000000111011101110010100011
11001001101101001000110111000000
01001001000011101000110100111101
01001000100011101000010100000110
11001001100010111100101001010001
11001000100000100000010100100100
01001000111001011001001000101101
01001001011100110011111010110000
11001000111111010000000000001000
01001001100011110100000110111000
11001001101010111000110010001001
11001000010101100110100101000000
01001001100101100010001110111010
01001001000111111100101010010011
11001001010101101110010110010111
01001001000100010011101010111011
01000111100110011101000110010100
11001001000110010110011001110101
11001001101100011110110100010100
01001001100101010001110110110110
11000110010010100000011001000000
01001000110101110111111011011011
11001001101000100011110011001000
11001000010101010011110111110010
01001001001111101101110010101111
01001000101000010100001010111100
01001001100001010010100011011000
11001001000000111010100000101101
11001001100101101000011111010111
11001001101011110000001000011101
01001000001110010001100101110000
01001001101011111010110000001101
01001001010001000001011001100001
01001001101001110111000011111110
11001001001000110011010100110000
11001000110001111000010001000000
11001001100001001100101111111011
01001001000000001101000110100010
11001001001110110010110111110001
11001000101011011110001100010101
11001001010111001010111111101111
11001000011101000010001010110000
01001000110000011001111111011010
11001001000101000001111010100011
01001001101111110011010001010100
01001001010110100000110000100001
01001000110000001000000111001100
01000111001111100011000101110000
11001001010010101110010010010111
11001001101111001100101110100111
11000110010110110110010010000000
01001001101101110110100100010011
01001001000110000011100100010101
11001000101110110100110010110001
01001001001110001010101111000011
01001001001101000100011100000100
01000101101011101000001101000000
11001001010101000110110000010010
01001001011010111110011011001011
11000111100011001111101111101001
11001001010011101110111100001001
11001000001100111001001110101101
01000011010101110100001110110110
11000100001110010100011011101111
01000011100111001010000000001001
11000011000010101010110000111100
11000011110000011001001011101110
11000011101111001011111111001110
11000100000001110000001101010110
01000100010000100001110000010001
11000011010110100010101000111010
01000010101011111101100100001110
01000100001101010001100111000101
11000100000100010101001111110001
11000011010001011100011000010001
01000011000011111111101001010101
01000001100001101011000011110111
01000100000001100000000111111010
01000100011000111111100011001011
11000011010000010110101110010101
01000100010110110110010010101110
01000011101100000001010100000111
11000100010101000110110000011010
11000011100110110000110001001001
11000010101011111011000101110111
01000010101110101111000110100011
01000010111100100000010000101111
01000100011100001011110000110111
11000100010101001011111010111011
01000100001101011001111101000010
11000011101000000011100110010111
11000100000101111101101000100110
11000010111110111101010011000011
01000011111011111000110100011101
01000011111001111011101000110010
11000011111110000000001010010001
01000011111100100110000011110011
01000011101010110011101110000011
11000001100111100101001111111101
01000100000101100100111100111011
11000100000011110010101101000101
01000011111100111101010010110110
11000100010101010111000000110110
01000100000000101010011001011000
11000100001111110111011011110100
01000011001000011001001111001011
11000100000011101111100001011010
01000100010110011011100111000101
01000011100110101000000010100101
11000100001011101111000110111000
11000011000100110000000100001111
11000011010110010000011000110111
01000011110001100110010110000010
11000100011011110110010111111000
11000010110100111100101011111100
01000010100111000110100110111110
11000010100011001100100001101111
01000011111001110111010111101101
11000100010011100101011111001010
01000100011101101001111110100000
01000100010000001000011001110100
01000001000000010101110101010001
11000011110000111010111000110101
11000010100010011000001101001001
01000100010010010010011001101100
11000011010000011001110011111011
11000100011010001001111000101100
01000100001110010100011000111010
11000100000000101110101010001110
11000011101100011001010010100101
11000011110010011100001001101001
11000100011000001000000010000101
11000011000100011101101001111100
11000100001011110100101001111101
01000100010100110010001011100101
01000100000011100101000101011111
11000100001010000101101100100111
11000011110101101111110000101001
01000011110010101010000111000100
11000100000110001110001000010010
01000011100111100100101001001101
01000100010011111111001101011110
11000011100010000000001101011101
11000100011010100000110010110111
11000100011010110111001101001000
11000100010001100111011110010100
01000100000110110010111110010110
11000011001101101010100110010011
01000100011010101001100001110010
11000100000001111011110110111110
11000100001011010010101000001011
11000011000011010000111001110110
11000100010101000010001000111001
11000011110011010110101100100111
11000010111010111110101100101000
01000100011000011001001100001100
01000100010010100110101011101001
01000011010111101110101101111011
11000011111111011011101000001010
01000011010001010011110011000101
11000011100010100010011111000010
01000001111101100110101111110111
11001000101110011001000100001010
11001001010101100100111100011010
11001000000111001000000001100001
11001000100001000010110000010001
11001000011011101101011000101101
01001000000100101110011010110110
01001001010111011111110001110000
01001001010011010010000010001001
11001000100111100100010000000010
11000110011110110011000110110110
11000111101010000011010011001000
11000111000001000011000011111000
11001000101111100011110100100010
01001000101000111111010100111110
01001001011010011110110111010011
01001001000110001101011110000001
11001001000011110000100110001110
01001001000100001111111111011100
11001000110011010100010110010000
01001000001000001110011110000011
11001001000001001100011001101111
01001001000101101010001001000111
01001000111111101110100011000101
01001000111001001101011110101011
01001000100110010000111000111000
01000111110011000111110100111101
11000111010010010011110111000111
01001001010100110000110010110000
01001000100000000010101010111100
01001000001000110001100100010011
11001000110011111100011000011101
01001001010011110011100111000011
01001000101100100010010010100001
01001000011110110110011000100010
01000111100100110101110111111111
01001001000001001111101001000011
11001000000001001111111001110111
11001000011110111001001111011111
01001001001010101011111011010111
11000111110110000110011101011000
11001000001100101011110001010010
11001000000111001100100100000000
01001000111001111111000111000000
11000111101001100011010011000101
11001000010100011011100011011000
11001001011011011011110101101110
11001001001110100101011101110010
01001001011001000101111100101100
01001001000110111001101010100011
11001000110111101001011110110101
11001000101010110000010011110111
11001001010100111000111010001100
11001001001110111000010110001101
11000111100001111110010100101111
11001001010111111010010011010000
11001000100111000101010111000101
11001000011010011101111001001100
11001001010110000010101110000110
01001000111010111010000111111111
11001001000011100110100110110000
01001000100101000100100010110101
01001001001100010010111011100010
11001000101001110000000011010101
01000111101001010101011111110100
01001001010100010000111100000000
01001001001110101111011101101101
01001000100111111010010011111110
01001001010100110000111011000010
01001000101100101011100101111111
11001001000000010100000011010100
01001001001110101001001010001000
01000111001000010111111001000101
11001001000001111111010101000001
01001000110000001000111101101111
01000111100010001101101100111110
11000111010110000011100000001111
01001000010010010100000000011110
01001001000111010000111011111101
01001000001110111111001101000010
11001001010110011001111001111110
01000111000000000101000101000000
11001001010101101001011111111101
01001001001100101000100100001001
11001001001011001110111111011111
01001000100011001001011110011011
01001000111001111010110010100000
01001000100000011110110011111111
11001001000111100000011010100110
01001001011100110011001010000011
11001001000001000110000111111010
01000111111001010101110101011101
11000110111010011001111110101000
01001000110110111010000101100011
01001001010100001100011011101001
11000111001001111100100000001000
11001000110111001010110100011011
11001001011100011100001010111110
01001000101111111011111001000111
11001001000011110001010000100001
11001000111011011000110110100000
01001000111011101001101100100011
11001000101111110010100001110010
01000111111011000010011100101011
01001000101011011000111100110110
11001000110110001111001110000011
01001000100010110110101011100011
11000111111010101101010101101111
01001000000111100011001111110010
01001001000101010001000010010001
01001000110000111110100110011110
01001001001010011111101001010000
11001000010100111100010001101100
11001000011110101100001100000000
01001000110111010000000100110000
01001001010110010001010001011001
01001000000110000000101101000100
01001000000011010100111011100001
01000111000110110110010010010101
11001000111010010001111000001010
11000111100011111100110011010000
11001000110000010110101000001011
01001001010100101110001101010110
11001001011001000001011001011001
11001000100101101010110100001100
11001001001010001100010010000011
01001001000110001110010001101011
11000111100111110000011111010101
11001000101010100001110111000100
01001001010111101010011100001111
01001001001110000001000101001111
01000111101101001110001101111011
01001000110101110100011000100000
01001000000010100001100001010010
11001001010000100100110111100110
01001001001100111111011001100011
11001001001110110110100000000101
11001001011000101101001000010001
11001001010111110100001110101111
01001000100011011010111010000011
11001000111111000100110010010011
11001000001110011111110111101101
01001001010111001101011111011100
11001000110001001011101001000111
01001000001001010011111110110000
01001001000110110001110011001101
11001001010100011011101011000100
11001000011111010001110011000010
11001000101010010010100100011111
11001000111110111110011000000011
01001000111001111111101110101110
01000111111010001111111011010011
01001000000000111110111010100001
11000111100111101000110110110101
01001000110100001011000010000011
01001000011110100001100110011001
01001001001011101000101000110110
01000110010001111110110111100101
11001000100011111010010010011100
01001001000100000101100011000010
01001000111101011010001100001111
01001001100010111001010001001001
01001001011000000001110110011110
11001001001101110111110101110001
11001000110010011100011101101111
11000111111000111000011001111011
01001000011101001001010110100000
01001001110101101101100101110110
11001001000001110011110100101110
11001001001000101100010100100100
01001000101101010100010000101010
11001000000100110011111001001001
11001001011111001011110100010100
11001000011101010000000011101000
11001000000000011011111001000100
01001001000100011111011001000001
11001000001000010110110011000000
01001000011110011000011001001110
01001001100101000000100101101000
01001001101110100001001010000000
11001000100011111001000100111000
01001000100101000100011001001100
01001001011100000101010001010000
01001000111101110101100011011100
01001000110111011100001111011000
01001001011000101101001111000001
11001000001110010111010011101101
01001001010111000001011000101100
01000110111000001110000110100111
11001001101100100101111010010000
11001001010000010111110101000100
11001000000011101010110011101010
01001001011100100111110110001100
01001001100101001011101101011010
01001000101101010111011010010111
11001001011101000001000101010001
01001001001000110001011100110001
11001000010100001110010101110101
01001000000010001110000001100001
01001001010010110000001001010100
11001000110100101110100011011001
00111111010111110101101100100110
00111111001010011010110110001110
00111110101011101011100000011010
10111111010100101100100110100111
10111111010001100101101101000111
00111111001010011000110110000111
00111100010100110000010011110111
00111110110111010110110000000010
00111111011110001110010010010101
00111110001011000010110010111101
10111110100111100011100111010001
00111111001111001100101110100110
10111111011100011000100100011100
10111111010001001011011111000010
10111101111010101000111000010011
10111110111100100110111011111100
00111111001000011000011001111101
00111111001111001100101101000110
00111111000111100001100101000001
00111101101010111001100100101011
10111111000011011010000001010110
10111110011010011100110000101001
00111111010101001010100110011100
00111111001011001001010100010101
00111110101000000010100011010101
00111110110100110100000000010000
00111110110100101010100000000100
10111110001001101000001011001010
00111111010101111000011100000010
00111111001010101000101010110010
10111010011010001111110011110111
00111101111100011001100000011001
00111111000010010011111111110100
10111111000100001001001111111100
10111110100100100001110011110010
10111111000011011011110111000011
10111110001111010010101000111001
10111111000001001010110100100011
10111110010001111001001010000011
00111111000000111001000011011011
00111110101100101100101101010010
00111110110101101001100101110101
00111110000110010001001011001100
10111111000010110001001000101111
00111110101111001011101010001100
00111111010100100111001100011100
10111110110100110111001110111100
10111110101000011111011001011000
00111110101111010100111000110101
00111110111101101000100011000110
10111111000011110010110111001010
00111101101100110101101101101110
00111111001111001100001110011011
00111101101001010010110000101110
00111111011000101010000011110011
10111111001010001001000010111110
10111110110011011110110101000100
10111110100100011011111000101110
00111110001101100111111001111001
10111110000111110000011001011010
10111110011001001101100000011011
00111110101011001100000100000011
00111111011111110110110000111001
10111111000010010011101111100000
10111111010100011000011010111100
10111110000001010010011111001010
10111111011101101110011001000000
00111110100110101010110110011101
00111110100000000111011001001110
10111111001111110011110011001100
10111101011101000011111010101011
10111110111100000111010001001000
00111110101010010010101111000100
00111111011111100100110010111101
00111111011000001110001101011001
10111111010001111111010110000111
00111110111110010101110011000111
00111101111110101000011100010110
00111100111110001011001111000011
10111111010011000111011011001100
10111111001110011011110100011100
00111111010000101110110100010011
00111111010010001000101100111011
00111111010110110010011100011110
00111111011001011011100101000010
00111110101001100000111100100110
00111111001100010010000110000011
10111110000100100111111111000010
10111110101010100001110111001110
00111111001001001101001010101101
00111110101010010101011101011001
10111111001000101010001100100111
10111111000001011010101100001110
00111110100001001100001110101001
10111101101100101000100000001011
00111110011001110010101000001101
10111111010010000001100111111010
10111110110101101101100100011000
10111110100010100110010110111000
10111111010101100000000111001100
00111000001100011101100011100110
10110111000111101100111010011100
00111001000000110001101100001000
00110111110110000011011111001000
10111000100101010001011010011000
00111000000000110100110010000110
10111000101110111000011001001110
10111000011111110100000100110010
10111001000010100011100001101001
00111000110001110100000011010000
00111000001100010110110110001100
10111000000111111110001001110011
00111000001101110001110100101111
10110111101000111001110000001000
00111001000110101000101100010010
10111000000101100001100101110000
10111001001101010000110110100011
00111001010000011010101010011100
10111000110001010101101100011100
00111000000001000010001101000110
00110111110011001101100011111010
10111001001011000011011000100111
10111000001111110111110101000000
10111001000101100010000000100110
10110110111111011101111101110000
00111000110101010100101111001010
10111000100000011101101010001010
10110110100101011011000010100000
10111000011011101110111010011101
00111000011110111110101110001111
00111000101001100010101000111100
00111000101110100011010111000110
10111000001111110110000000000110
00110110101011100110011010100100
00111000011000000001110111101111
10111001001010010010011010011000
10111000101000110100010001110011
10111000101100111011000100101000
10111000101100001010010010000000
10111000011100111000110101101010
10111000100100100011101010001001
00111000101011000001110100001100
00110100101100111111010011000000
00110100110011111100011001000000
00110111111010001000100001001110
10111000001110001100110011100100
00111000010011001010001011111000
00111000001011001010111111011100
00111000101011101000111111001001
10111000101000101101101100001101
00111000001010100101000001111010
00111000110010001100110011000101
00111001000111111110111110110011
10111000010010100100111111010000
00111001000001000001011100101010
10111001000001001100100000001000
00111000001011001100011111011110
00110110111001011010001010000000
00111000111100100011111110010111
00111000011011000000100110110010
00111000110101010000101001010001
10111000101000000110100110001101
00111000110100011000111001010110
10111000100011111100101010001110
10111000101101111000100011111100
00110111010010001011111010111000
10110111110011001110011010011111
00111000100111001011000011101101
10111000101111010011010110111101
00111000110111001011000100000000
00110111001100111000100110000010
00110111111010000101110110101000
10111000111110111111110000011001
10111000100001101010111100101111
10110101011001111101010101000000
00111000110010001000101000011000
10111000000010100110111001010011
10110111111010110100100010000100
00110111100001110101000101001000
00110111110001101000000110011000
10110110110111111100011110100000
10110111001010011010101000101111
00111000101100011000111000000010
00111000010110111101001001011010
00111000100000000011100001001001
10111000010111001001010001000110
00110111111011000000100111000000
00111000101100010000011100010101
10111000011101100010111101001000
00110101101000000010110101000000
10111000001101000001010001101001
10110110100110001100000101010000
10110111000100111000110111100000
00111000111101000000011111011001
00111000101011001101001100000010
10111001000011110101010111001101
10111000010000001010110111011010
00111000110011010010110110101000
10111001000111111110101100000001
10110111010111010101010100010000
11001000100110010100100111001000
11001001000000100000001001010010
11001001010110100001010010101111
11001000011111001000000000100000
11001001100100011110101101000110
01001000111101110110110111001110
01001000110001111011101101100000
01001001110000101001011101100010
11001001110000111101111101101000
01001000001111100001110101101110
01001001000110011101001110000010
11001001100010101100110111100111
11000111101111111010111100001000
11001000111000001100110011111000
01001000000111100111001000001000
01001001110000111101011101101000
11001001101010010101101010000100
11001001001001111110010001010110
11001001100001111100100001111100
01001000000001101011011001110000
11001000101111010010100110110010
11001001101001101000101001001010
11001000100110110110101100111011
01000111100000111100101010101000
11001001000110101100101101101001
01001000000001111000111111001000
01001000110101101110111110110110
11001000100011101101101100000010
11001000111001010000100010110010
11001001011011000100101101100110
01001000000100101101011110101000
01001001100101101111111010111110
01001001001010101011101011011100
01001000000101010000000111101111
11001001001010100010110100111010
01001001100000110100011011111111
01001000011111111001000011011000
11001000101101000111010001110100
11001000100110001110011111010100
01001001001001110101110111101110
11000101110101100110000100000000
01001000100011001101101111010010
11001001101001101111001001110000
01001000101010110111000011010111
11001001011001011011110000000101
01001001010100111001000000110101
01001000000101101011101101100010
11001001000111101110101011110111
01001001111010000100011100110100
11000111011011001100011000110000
11001001011001010010000110110010
11000110000000001101111101000000
11001001000011001100101000001100
11001001100101100101111111000110
01001001100001010010110100100011
11001001001010100001011010010011
11001001100110010011110111100011
01001001010000100000011101100000
01001000001010101001011010010000
01001001101010101111101001011011
11001001000010111010011110110000
01001001011111010111000000011101
01001001000000011111101011110001
11001000101011101000111111111110
11001001110010110101101010110011
11001001111011001101001001011010
11001001010010011101101111010111
01001000101010011001010100010000
11001001001011000001101001100101
01001000101100101010010001011000
11001000110010000111011100001110
11001001101100111101100001011100
01001001011100101010111000110010
01001000010111001001000100111110
11001000100001111011111100001010
11001000100101011001001110001111
01001000100111001101001101100010
01001000011110001101111010001000
11001000111100110110000101110101
01001000111111010101110101110100
11001001010001110100010010010101
11001001011101111010010001000101
11001000100100101110001110001110
01001001011111111100100100001111
01001000101011001111111101110100
01001001100111100110010010001010
11001000001110001110001010000100
11001000001001110110001011111000
11001001000001100001001111001101
01001000111100111011011010010000
01001001010101001000100010000100
11001001000110010011111110001101
01001001001010001110111110010011
01001001100111001000100011111101
11001001000011110011011010100100
01001001100110000100000000010100
01001001010101100001011110011001
11001000111000010100101010011010
01001001010010000111110000101101
01001001100011011010110100011111
01001001100011011010110100011111
01001001100011011010110100011111
../FPAddSub_tb.v:5165: $finish called at 10370000 (1ps)
